0.342403556277	0.0506748927971	0.836350360892	0.726097847434	0.893953584157	0.105504288047	0.62836172385	0.633515552476	0.630544070421	0.584889801838
0.699733454122	0.794031646679	0.501333579956	0.712998938368	0.655270672176	0.296211673558	0.436579569895	0.778864545461	0.11765927686	0.535751703353
0.443364894483	0.114133411531	0.127666917157	0.678649703298	0.169542022397	0.942402942427	0.87036821558	0.182025782886	0.667305773614	0.378968797216
0.223878286125	0.38402217078	0.434399618999	0.611616826864	0.144492309291	0.492558082991	0.492300077316	0.113882373569	0.274398536955	0.400144955749
0.612521919289	0.742153367403	0.431134344976	0.959333286486	0.690335136761	0.453397384966	0.579060854794	0.0393672028944	0.630265121155	0.810344961683
0.204618511972	0.458185851966	0.435523295831	0.0134903131238	0.139428483111	0.985966339034	0.0457156330293	0.517208501283	0.537164113353	0.525016956928
0.947882818275	0.870746788545	0.204560477426	0.642981286966	0.232162526064	0.594198532834	0.500677985586	0.513815858683	0.380578722769	0.749467529602
0.370716234906	0.763635532119	0.617708009595	0.43020666739	0.801937477576	0.0945451172531	0.902265573803	0.652123745341	0.759967089487	0.714167092235
0.246704666772	0.205108776454	0.84854148532	0.637696515474	0.670142176351	0.647749333842	0.0705690437132	0.291105438996	0.697844344225	0.798842534937
0.696271458104	0.444880402128	0.745290646826	0.988124888282	0.853501199985	0.22551475674	0.19663402625	0.274529122879	0.82120946807	0.566706837502
0.966244326473	0.316840633225	0.849559277179	0.672650959873	0.783528911049	0.832180292041	0.708386419683	0.501492783539	0.65904765049	0.466182477016
0.0126280827604	0.596072291884	0.410072984278	0.440475228245	0.816324133462	0.697717212422	0.981963228973	0.464774268221	0.549392726463	0.614400360003
0.615483086256	0.862474201668	0.0462191619016	0.846268274817	0.991393931457	0.656517038805	0.378957655169	0.489600846453	0.00371590093337	0.678019977119
0.270392318317	0.537758453556	0.00526462398098	0.992719418658	0.191428377618	0.89886127213	0.00309241262346	0.487701549994	0.96584508051	0.269276266006
0.487728039751	0.327455163056	0.220797159404	0.242220570621	0.36349291158	0.956461495452	0.725328847352	0.854946343067	0.804906649168	0.0309234771707
0.571980611943	0.808209891878	0.736362641078	0.901460702448	0.25445510345	0.356743240615	0.706746995886	0.362941123904	0.327269275208	0.601443557731
0.00723326643769	0.929979358485	0.227499329742	0.612519506667	0.636312467807	0.65121647973	0.483141973085	0.151517688456	0.32802929666	0.468723822419
0.157507153458	0.774905613105	0.327258529611	0.314053429542	0.875377660594	0.493064308436	0.342106250028	0.964312494423	0.112808917991	0.186510373507
0.612974855516	0.217932557616	0.626861553543	0.435577040979	0.390142444495	0.165796932605	0.95700650072	0.367715334435	0.320806893521	0.804337387923
0.909691895733	0.236506886033	0.241930267953	0.104200613965	0.982724211904	0.639045099315	0.911028920309	0.481462301819	0.988103226582	0.574597129713
0.210543559843	0.878702983681	0.884780983207	0.935463853201	0.925458364625	0.402186341013	0.470438292797	0.513452874731	0.422741129104	0.80051053931
0.75106202153	0.60090377135	0.625019875374	0.477135763948	0.721783478993	0.161047931498	0.131453260869	0.482417714224	0.631824982801	0.185192686163
0.971553208663	0.844803230133	0.0830105375647	0.578671275382	0.118515056077	0.979344417199	0.293208858996	0.549200539691	0.898042092626	0.778975668572
0.571515232709	0.782112576224	0.735971279526	0.512579541572	0.0104451446023	0.886355380042	0.586912786687	0.21828862373	0.610405071589	0.365099592479
0.479858646727	0.927309950144	0.0666220454663	0.427169293791	0.464369189992	0.756567281286	0.100693734203	0.941142110878	0.763968319453	0.453107388004
0.10461850604	0.966406782604	0.163675484601	0.938597311888	0.125015233844	0.278115744568	0.984818045584	0.257922460932	0.540860248129	0.0692448469133
0.140414637449	0.106871094433	0.0841741966376	0.058770502109	0.537485797947	0.732784273858	0.127874870415	0.571534849976	0.393679778945	0.984025843171
0.58325885798	0.650256615681	0.300950441998	0.45334704309	0.579080834205	0.208413419926	0.128321971117	0.903720685753	0.474352922347	0.664709248679
0.957042122511	0.524215689963	0.0981295334602	0.336879085095	0.473125717329	0.505219885683	0.489027992879	0.196513997068	0.514674688359	0.677087275871
0.76405529449	0.0845003628054	0.886006803609	0.468802581488	0.123544582737	0.291276569467	0.966401086844	0.81670773524	0.577059357791	0.774162668563
0.530135111603	0.713063964103	0.722707504285	0.834887647686	0.566196601076	0.608352481649	0.796145502748	0.861979095434	0.927042682218	0.781553242709
0.327109316017	0.0964823051891	0.299823738164	0.421618185653	0.108352896553	0.135043185783	0.649040709601	0.312045112211	0.893577031584	0.150654749452
0.942903724263	0.133800640504	0.420773504878	0.476964600168	0.0422692157007	0.557253063808	0.985235564734	0.232356623959	0.0395263996295	0.807490958676
0.518882619192	0.0150646367477	0.663487184944	0.232630591186	0.37394022866	0.167807605781	0.0402960248242	0.216567082047	0.305021940395	0.971530698551
0.134918154271	0.442281738463	0.912667090032	0.251955693191	0.00606855950843	0.0933239055853	0.448681369708	0.671057181278	0.360689127859	0.384095690469
0.91572850899	0.988130202955	0.593848655284	0.657034534762	0.331347248384	0.349640199165	0.188432452067	0.136866955876	0.998518586542	0.943947060833
0.435733167929	0.449717737143	0.863852786801	0.744760133865	0.581846473793	0.470278547277	0.214581035972	0.747772407731	0.343695256816	0.0389274362823
0.948696637258	0.254701563482	0.482916870032	0.0492688110054	0.851305626227	0.261006266998	0.55239538877	0.50362794635	0.0330876687544	0.549006429471
0.48132028621	0.025634629364	0.680243164943	0.634500818708	0.523191220108	0.174011606542	0.88041560353	0.00949639901555	0.139749287162	0.917691794551
0.982838029626	0.131200652987	0.205527337791	0.0130373082718	0.847197300462	0.382844884071	0.297951898441	0.374328987413	0.390892617781	0.758300837455
0.177666908927	0.0162759961859	0.0282679361902	0.719009620177	0.0806020243259	0.274434894219	0.214205859141	0.541917945883	0.877315714919	0.863514711995
0.154139145815	0.441725515591	0.742513537126	0.760266591846	0.0704405209364	0.284108621858	0.861355296282	0.0656849810281	0.962724453204	0.263006375402
0.693508593565	0.304558243146	0.622572189486	0.0475519406013	0.364248224898	0.702829413374	0.997284353796	0.668625253423	0.0219341970108	0.554324984433
0.906135597547	0.372979752281	0.803467511887	0.625960030509	0.688937954238	0.552182374645	0.394391595535	0.308869641776	0.438624427072	0.512904339643
0.480832818521	0.918222948269	0.793277293355	0.866055232146	0.272245333104	0.669830916604	0.533251925004	0.162723181558	0.121397595077	0.924201081282
0.85561926335	0.32126799123	0.81192180424	0.252050560002	0.274382719486	0.307366625597	0.266813828903	0.284197181272	0.916170979196	0.431089057976
0.0138609652384	0.444358352784	0.263781003517	0.739820223801	0.0502219868089	0.760712015201	0.36991360203	0.706620473442	0.174614014261	0.161438134399
0.0241520814637	0.939488385672	0.554230903428	0.137255811575	0.880618533042	0.56056340117	0.323664999383	0.330024401842	0.673819359389	0.0422899542997
0.301523224388	0.916295111285	0.480969180596	0.00789487526516	0.383309209151	0.155333942378	0.877488992538	0.452299227402	0.376314070192	0.298688756367
0.523612420858	0.288037148008	0.265961223527	0.940742700253	0.0558798915907	0.511325709977	0.569809456149	0.434758389468	0.558070896135	0.82365186072
0.401647441776	0.373754721981	0.703433800463	0.88479645267	0.924434204479	0.965013209893	0.250409022559	0.721474720267	0.480078674608	0.0720364149074
0.849099629161	0.421779097373	0.0257073631448	0.864647262137	0.293331274422	0.324380783418	0.714923313075	0.77652676839	0.764395590546	0.0596299884461
0.823123305819	0.166496130659	0.691528870906	0.1201896537	0.797012609364	0.398081449562	0.395504981149	0.245458404288	0.292142575989	0.605100560119
0.0100794746771	0.580233069533	0.358452659293	0.740389805507	0.352586734287	0.791705903512	0.635241179901	0.399309036289	0.180785060101	0.580828063218
0.975983585598	0.765839600997	0.0440265848146	0.162725350956	0.0973986040674	0.862547214477	0.535666779734	0.348531041037	0.237202232789	0.506419193989
0.509849678595	0.414408938633	0.499599066487	0.204494623273	0.451992821215	0.465894520559	0.890062931593	0.438165243822	0.136898435278	0.846009938563
0.0498083503539	0.90823234933	0.559786789259	0.588892964499	0.272681085999	0.844349151798	0.482805316532	0.943098790514	0.307564786364	0.347236834365
0.397641828704	0.805111573361	0.869422006442	0.836436705007	0.507266755187	0.657542890722	0.894816496283	0.0273857697494	0.911997562605	0.70631613385
0.650021929058	0.855013861917	0.0238373254144	0.123794569774	0.837831890026	0.606869139698	0.471303450847	0.576989510903	0.21625447788	0.412895513071
0.34569454136	0.514335520981	0.185092176031	0.878654766616	0.89126712543	0.184369033756	0.132523096762	0.52788879997	0.963930856025	0.422964752529
0.378338171389	0.0186714979604	0.178710947692	0.513793834469	0.632715304826	0.87880749666	0.600500222143	0.127755890358	0.945058524575	0.0578080539332
0.778005422816	0.506665528097	0.8093903968	0.908795143831	0.663486047269	0.148066374388	0.508469501742	0.875860282103	0.739864162414	0.610244556426
0.716908930328	0.520708960641	0.493549389252	0.476568555805	0.943971840314	0.773710997259	0.743327788893	0.373189284488	0.958669090047	0.670188019077
0.824594081386	0.0842557106768	0.803138471899	0.552619293911	0.449759782609	0.696579450515	0.213965382717	0.799616657225	0.915746765693	0.281808320139
0.141800173882	0.81601570979	0.814459616858	0.100359235515	0.34962265124	0.669210639234	0.300766095425	0.0405687218934	0.481500448977	0.211351299215
0.309078986397	0.976586432482	0.382627107572	0.00542373141885	0.251045008883	0.432073501878	0.126440326622	0.0483039339324	0.453499441757	0.51217820678
0.526277617453	0.299014032465	0.681727502413	0.235371025144	0.183726652383	0.658831994137	0.309298494455	0.178233199309	0.701982071474	0.575214266355
0.619437370621	0.764708934104	0.248783761541	0.380091819974	0.951239857676	0.429370439647	0.410953537271	0.481859133643	0.289917625421	0.0269614545104
0.881865681136	0.251366102358	0.491758652647	0.531818896979	0.91173578698	0.297811186768	0.5256460938	0.757313708076	0.76907529512	0.690964112373
0.848305318046	0.601208175823	0.491091483039	0.427115553864	0.413423526133	0.64114584104	0.671131043744	0.111655574548	0.325828033874	0.655890244154
0.3076525995	0.961185278621	0.467403848293	0.210547748352	0.740070528331	0.891661863772	0.113439504749	0.370127680703	0.24186794536	0.998718958695
0.180597159043	0.0726299911139	0.135308418635	0.997177088314	0.540621391329	0.693971761601	0.104631479825	0.831286941986	0.446088546837	0.610211274298
0.876811644909	0.0483399876361	0.371070589208	0.592783821992	0.769919929664	0.660539442926	0.50496274358	0.120793886374	0.27531579186	0.687272685178
0.0506338976954	0.774622141393	0.67399439912	0.253864051817	0.544213684956	0.877969797993	0.903453649622	0.887816081257	0.716769777543	0.363078861793
0.491401291469	0.464878706653	0.556098491522	0.357331094622	0.999816751176	0.765749107028	0.581951327988	0.815011873909	0.032887145901	0.426852606525
0.682457997686	0.593805567201	0.983611857163	0.351303947514	0.390691872612	0.0115932165595	0.0899935453731	0.252129234763	0.0234094669626	0.586258805803
0.0501635477813	0.00507242749986	0.966720432118	0.314028381366	0.982039910304	0.0929450386535	0.561282317	0.520525748481	0.946204828031	0.988234910743
0.463331438863	0.496274912858	0.0687547567062	0.0892387195192	0.97438497479	0.487828118129	0.921569565271	0.632860713027	0.688555382391	0.0556560000048
0.765542027185	0.840713624117	0.165437051916	0.152734112987	0.491762011935	0.177315920506	0.658115696226	0.172236529356	0.162587821524	0.866468991856
0.473746501281	0.173268010884	0.555169952015	0.597836458449	0.989154111948	0.768618580338	0.932713270481	0.808640438146	0.930202630259	0.897166372696
0.843825023454	0.718100993369	0.130631665687	0.740452039961	0.0519269009568	0.765435358964	0.591485199072	0.429748257635	0.180557066719	0.134975121904
0.490511084387	0.366376365281	0.892156013495	0.755540727214	0.149986488735	0.584519711733	0.0239675950511	0.843690987542	0.532412556419	0.141170298934
0.190313661615	0.882225982943	0.0456834020474	0.537116154593	0.304354589	0.541059828982	0.482785673879	0.665505394608	0.897909606119	0.779976718466
0.696400012652	0.787907563958	0.270927352385	0.575822609578	0.036723149269	0.781350556808	0.937988740364	0.435665329828	0.0664277909743	0.751335206135
0.391164762337	0.0327190355124	0.700521669936	0.370618504689	0.771475542159	0.972823865549	0.291780724509	0.936452554429	0.533843306099	0.688697833173
0.233473186912	0.768867265827	0.86290485128	0.241324532273	0.0277437283893	0.989958681047	0.111691730551	0.857465790351	0.772651235709	0.458502399799
0.766545628121	0.254014145114	0.449167389884	0.619363498652	0.478608967069	0.546523225044	0.877563784031	0.821648608125	0.757826040292	0.903353198385
0.923536311438	0.562209919643	0.011660482929	0.693942653765	0.951684770145	0.957268553947	0.453291879142	0.0421482636831	0.510127567493	0.649493250859
0.670717070412	0.103004659026	0.233337668188	0.80070902851	0.0388645712683	0.152642717179	0.866244648001	0.461405266634	0.588457982728	0.44498231066
0.735529290517	0.325828298269	0.280488942916	0.282844290326	0.694485141969	0.515069608023	0.124620438883	0.616493927885	0.698094889408	0.299551170215
0.619229096496	0.187233316067	0.780320700917	0.795505796519	0.712033235654	0.308472866486	0.803137417869	0.950543661718	0.498772054665	0.357358572593
0.327825397644	0.949697984599	0.847324994549	0.992354420557	0.261067848524	0.160357041237	0.0658398478444	0.0948192617842	0.339296402957	0.0883246068474
0.315980216763	0.275548243473	0.364050914873	0.255736672685	0.345857750709	0.493304178176	0.187546341397	0.509185079984	0.175032649887	0.13984360754
0.97151448971	0.226269067747	0.366172578591	0.792670614452	0.0600850067591	0.123151219848	0.354903805139	0.436932485011	0.467986638337	0.73486775958
0.429203566803	0.339574336985	0.475636433695	0.479434915844	0.201125882953	0.130949738323	0.162153838211	0.32642461755	0.41137399824	0.435756225201
0.381334961143	0.146791091623	0.648193338188	0.300087701567	0.732150525345	0.690493694778	0.432786321347	0.528951619707	0.732442918923	0.341567532145
0.595649419646	0.64372582992	0.159783507885	0.825681031025	0.738326743978	0.618973799226	0.217886433922	0.519873751691	0.653326098191	0.192752400281
0.319265190599	0.903052970009	0.876867742205	0.970081889471	0.263937438397	0.601668960205	0.623372457031	0.812675706294	0.438832214944	0.553011229603
0.409544873479	0.5189999694	0.404352698592	0.814868137042	0.986562166437	0.790631027061	0.599435911707	0.0593631944863	0.877904379011	0.919777450488
0.742294532923	0.57888291694	0.957573171482	0.293574033827	0.595695382577	0.975847338258	0.649632448761	0.719349853692	0.704486437426	0.467534177455